0.0000000195 | 
0.0002890774 | 0.0003854301 | 
0.0294520640 | 0.0391730595 | 0.0417589014 | 
0.2657806469 | 0.3445568412 | 0.3649157600 | 0.3700452339 | 
0.2188084713 | 0.2031510795 | 0.1937240287 | 0.1910066996 | 0.1903045877 | 
-0.0284941246 | -0.1109283232 | -0.1318669501 | -0.1370350609 | -0.1383214991 | -0.1386427368 | 
-0.1370753055 | -0.1732690325 | -0.1774250798 | -0.1781482247 | -0.1783094528 | -0.1783485417 | -0.1783582379 | 
-0.1871271520 | -0.2038111009 | -0.2058472387 | -0.2062983841 | -0.2064087769 | -0.2064362445 | -0.2064431035 | -0.2064448178 | 
-0.2063469586 | -0.2127535608 | -0.2133497248 | -0.2134688119 | -0.2134969313 | -0.2135038600 | -0.2135055860 | -0.2135060170 | -0.2135061248 | 
-0.2133668422 | -0.2157068034 | -0.2159036863 | -0.2159442253 | -0.2159539328 | -0.2159563346 | -0.2159569335 | -0.2159570831 | -0.2159571205 | -0.2159571299 | 
-0.2158856422 | -0.2167252422 | -0.2167931381 | -0.2168072564 | -0.2168106409 | -0.2168114783 | -0.2168116871 | -0.2168117393 | -0.2168117524 | -0.2168117556 | -0.2168117564 | 
-0.2167825031 | -0.2170814567 | -0.2171052044 | -0.2171101578 | -0.2171113457 | -0.2171116396 | -0.2171117129 | -0.2171117312 | -0.2171117358 | -0.2171117369 | -0.2171117372 | -0.2171117373 | 
-0.2171006966 | -0.2172067610 | -0.2172151147 | -0.2172168593 | -0.2172172777 | -0.2172173812 | -0.2172174071 | -0.2172174135 | -0.2172174151 | -0.2172174155 | -0.2172174156 | -0.2172174157 | -0.2172174157 | 
-0.2172133893 | -0.2172509535 | -0.2172538996 | -0.2172545153 | -0.2172546630 | -0.2172546995 | -0.2172547086 | -0.2172547109 | -0.2172547115 | -0.2172547116 | -0.2172547116 | -0.2172547116 | -0.2172547116 | -0.2172547116 | 
-0.2172532664 | -0.2172665588 | -0.2172675991 | -0.2172678166 | -0.2172678688 | -0.2172678817 | -0.2172678849 | -0.2172678857 | -0.2172678859 | -0.2172678859 | -0.2172678860 | -0.2172678860 | -0.2172678860 | -0.2172678860 | -0.2172678860 | 
-0.2172673712 | -0.2172720727 | -0.2172724403 | -0.2172725172 | -0.2172725356 | -0.2172725402 | -0.2172725413 | -0.2172725416 | -0.2172725417 | -0.2172725417 | -0.2172725417 | -0.2172725417 | -0.2172725417 | -0.2172725417 | -0.2172725417 | -0.2172725417 | 
-0.2172723590 | -0.2172740216 | -0.2172741516 | -0.2172741787 | -0.2172741852 | -0.2172741868 | -0.2172741873 | -0.2172741874 | -0.2172741874 | -0.2172741874 | -0.2172741874 | -0.2172741874 | -0.2172741874 | -0.2172741874 | -0.2172741874 | -0.2172741874 | -0.2172741874 | 
-0.2172741227 | -0.2172747106 | -0.2172747565 | -0.2172747661 | -0.2172747684 | -0.2172747690 | -0.2172747691 | -0.2172747691 | -0.2172747692 | -0.2172747692 | -0.2172747692 | -0.2172747692 | -0.2172747692 | -0.2172747692 | -0.2172747692 | -0.2172747692 | -0.2172747692 | -0.2172747692 | 
-0.2172747463 | -0.2172749541 | -0.2172749704 | -0.2172749738 | -0.2172749746 | -0.2172749748 | -0.2172749748 | -0.2172749748 | -0.2172749748 | -0.2172749748 | -0.2172749748 | -0.2172749748 | -0.2172749748 | -0.2172749748 | -0.2172749748 | -0.2172749748 | -0.2172749748 | -0.2172749748 | -0.2172749748 | 
-0.2172749667 | -0.2172750402 | -0.2172750460 | -0.2172750472 | -0.2172750475 | -0.2172750475 | -0.2172750475 | -0.2172750475 | -0.2172750475 | -0.2172750475 | -0.2172750475 | -0.2172750475 | -0.2172750475 | -0.2172750475 | -0.2172750475 | -0.2172750475 | -0.2172750475 | -0.2172750475 | -0.2172750475 | -0.2172750475 |